signal	if_pc1	if_pco	p_pc1	q_pc1	p_pco	q_pco
module149:10:92191349	TRUE	FALSE	2.69750310684156e-08	0.0171221864951768	2.7158961080076e-07	0.154519640321817
module66:14:35481210	TRUE	FALSE	6.60170366906059e-08	0.036231884057971	2.16828491161891e-07	0.133548067393459
module74:2:123157795	TRUE	FALSE	7.35522735869696e-08	0.0431428571428571	1.99140813395005e-07	0.127075993960745
module74:2:123158086	TRUE	FALSE	7.35522735869696e-08	0.0431428571428571	2.20081000978922e-07	0.133959466139397
module74:2:123159734	TRUE	FALSE	7.35522735869696e-08	0.0431428571428571	1.92547959576572e-07	0.124523506988564
module106:9:117383955	TRUE	FALSE	7.37813058206371e-08	0.0434782608695652	2.65512532626744e-07	0.1518536121673
module155:22:34241862	TRUE	FALSE	8.82760126107552e-08	0.0553281580804516	1.91006544580929e-07	0.1229633401222
module155:22:34250634	TRUE	FALSE	1.02064113462544e-07	0.0663201663201663	3.53738387914859e-07	0.178587494376968
module42:3:23008621	TRUE	FALSE	1.03813556294357e-07	0.0671512634129457	2.59259925305955e-07	0.147803247373448
module42:3:23008722	TRUE	FALSE	1.03813556294357e-07	0.0671512634129457	2.46545008075749e-07	0.142134425439653
module142:7:117104891	TRUE	FALSE	1.11143172004842e-07	0.0783441669517619	3.20335658776649e-07	0.166093140628585
module142:7:117111431	TRUE	FALSE	1.11143172004842e-07	0.0783441669517619	7.99352843472434e-07	0.273708835702717
module142:7:117094386	TRUE	FALSE	1.1543842957146e-07	0.0817468440805185	2.47810118869651e-07	0.143647738209817
module142:7:117119183	TRUE	FALSE	1.1543842957146e-07	0.0817468440805185	2.43171601188585e-07	0.14137264378927
module66:14:35845700	TRUE	FALSE	1.18833690628644e-07	0.0876572594355661	1.94124314956134e-07	0.125507099391481
module108:15:46214756	TRUE	FALSE	1.21014158107307e-07	0.0886625933469111	2.47623909044314e-07	0.143716899374097
module142:7:117154225	TRUE	FALSE	1.24355421068281e-07	0.0917400135409614	2.35304888573928e-07	0.137956204379562
module158:2:25587308	TRUE	FALSE	1.27278810200946e-07	0.0931710615280595	2.47267639252868e-07	0.143510715145678
module142:7:117126401	TRUE	FALSE	1.30917368152891e-07	0.0975033738191633	6.79650595247772e-07	0.243407323088598
